# FULL7 CP1 — 130 newly held match IDs
# Reason: LEAGUE_TARGET_TEAM_ROWS_MISSING
# Season 14904: 102; season 17130: 28
# No API replay or data mutation performed.
8003336
8003367
8003394
8009474
8041735
8041737
8041738
8041741
8041742
8041743
8041746
8041752
8041754
8041757
8041760
8041766
8041768
8041772
8041774
8041778
8041779
8041780
8041783
8041784
8041785
8041786
8041787
8041789
8041791
8041792
8199391
8199394
8199395
8199405
8199406
8199415
8199421
8199424
8199433
8199434
8252515
8252516
8252524
8252526
8252528
8252529
8252530
8252535
8252536
8252539
8252541
8252546
8252547
8252548
8252549
8252550
8252554
8252558
8252560
8252563
8252567
8252569
8252570
8252579
8252582
8252584
8252585
8252587
8252588
8252590
8252591
8252593
8252594
8252598
8252599
8252601
8252604
8252605
8252606
8252607
8252608
8252609
8252611
8252612
8252613
8252616
8252619
8252620
8436861
8436862
8436863
8436865
8436866
8436869
8436870
8436873
8481534
8481537
8481540
8481544
8481546
8481547
8601811
8601842
8626808
8626809
8626811
8626820
8626822
8626824
8626825
8626826
8626828
8626829
8626832
8626833
8626836
8626842
8626844
8626845
8626846
8626848
8626849
8626850
8626855
8626856
8626857
8626858
8642924
8642930
